1 0.828099 0.191446 0.085378 0.382892
1 0.628394 0.177707 0.100098 0.355414
1 0.534184 0.303075 0.052993 0.274779
1 0.304547 0.227838 0.092247 0.302257
1 0.241250 0.293261 0.038273 0.273471
1 0.138698 0.263167 0.035329 0.260386
1 0.048741 0.427380 0.097481 0.277396
1 0.092574 0.354760 0.031403 0.160942
1 0.055774 0.842574 0.063788 0.314851
1 0.675008 0.893605 0.050049 0.212790
1 0.793261 0.458783 0.123651 0.452731
1 0.910533 0.492149 0.059863 0.302257
1 0.606804 0.566078 0.086359 0.403009
1 0.504253 0.443736 0.059863 0.307491
1 0.383055 0.414295 0.123651 0.392542
1 0.224076 0.482336 0.115800 0.345437