1 0.694591 0.623235 0.598246 0.735558
1 0.524766 0.548780 0.497895 0.581515
1 0.384854 0.494865 0.337719 0.460847
1 0.268099 0.463415 0.270175 0.400513
1 0.188977 0.442875 0.266316 0.356868
1 0.122398 0.426187 0.233509 0.313222
1 0.316345 0.202824 0.115789 0.092426
2 0.695965 0.221309 0.118877 0.064698
2 0.876211 0.213864 0.081053 0.038511
2 0.591754 0.227985 0.075649 0.057510
2 0.764667 0.224904 0.060211 0.043132
2 0.522409 0.219512 0.048632 0.027214
1 0.366866 0.237741 0.245474 0.044159
1 0.504576 0.159178 0.073333 0.120668