1 0.054629 0.501595 0.109257 0.996810
1 0.186784 0.500718 0.178606 0.998563
1 0.374714 0.498405 0.140334 0.996810
1 0.468433 0.487015 0.113837 0.974029
1 0.557246 0.471243 0.138371 0.942486
1 0.915931 0.383464 0.133464 0.185756
1 0.728492 0.596383 0.107949 0.583555
1 0.803566 0.620917 0.067713 0.471401
0 0.671083 0.234509 0.036310 0.168232
0 0.635754 0.200336 0.044161 0.212043
0 0.597481 0.141630 0.042198 0.227814
0 0.545469 0.095349 0.040236 0.190698
0 0.708865 0.272186 0.025515 0.141946
0 0.738306 0.302853 0.023553 0.136689
0 0.759895 0.335273 0.009814 0.138441
1 0.607785 0.462481 0.157017 0.924961