2 0.872260 0.749779 0.167812 0.110047
2 0.682859 0.825798 0.118744 0.102807
2 0.687275 0.743987 0.123651 0.167967
2 0.875695 0.649867 0.162905 0.182447
2 0.685312 0.545612 0.117763 0.182447
2 0.869316 0.505068 0.173700 0.118735
2 0.867354 0.412396 0.161923 0.211407
2 0.863919 0.288593 0.178606 0.149143
2 0.868335 0.187234 0.161923 0.224439
2 0.858521 0.077186 0.163886 0.149143
2 0.680406 0.240809 0.125613 0.120183
2 0.688256 0.355925 0.129539 0.188239
1 0.486588 0.806250 0.036310 0.280911
1 0.441446 0.788874 0.050049 0.330142
1 0.410533 0.486244 0.096173 0.967259
1 0.361956 0.473353 0.124632 0.946706
1 0.008014 0.179270 0.016028 0.185343
1 0.022244 0.358097 0.044488 0.534309
1 0.034511 0.515204 0.069022 0.897755
1 0.149984 0.510860 0.108930 0.915131