1 0.234869 0.069320 0.422766 0.084724
1 0.173904 0.132863 0.291720 0.111682
1 0.782414 0.100770 0.369208 0.073171
1 0.405799 0.287548 0.393138 0.056483
1 0.509496 0.349807 0.352115 0.062901
1 0.206950 0.437099 0.350976 0.078306
1 0.254241 0.469833 0.379464 0.056483
1 0.444543 0.548139 0.358953 0.082157
1 0.803495 0.455712 0.352115 0.071887
1 0.782414 0.611682 0.312232 0.088575
1 0.778995 0.726573 0.289441 0.094994
1 0.230881 0.849166 0.380604 0.103979
1 0.213788 0.778562 0.357813 0.070603
1 0.206950 0.637997 0.348697 0.074454
1 0.389275 0.880616 0.211953 0.087291