2 0.913804 0.711462 0.172391 0.382728
2 0.902519 0.359317 0.194962 0.311076
2 0.912496 0.100142 0.142296 0.200284
2 0.735852 0.053830 0.081452 0.107660
2 0.732417 0.266693 0.198234 0.349523
2 0.667157 0.718452 0.197252 0.491080
2 0.501308 0.652917 0.232581 0.639628
2 0.592574 0.156939 0.185476 0.313878
2 0.440464 0.077423 0.108930 0.154846
2 0.366372 0.292034 0.172718 0.382728
2 0.228001 0.680878 0.253189 0.604676
2 0.056591 0.798843 0.113182 0.382728
2 0.257933 0.126356 0.185476 0.252712
2 0.078181 0.197662 0.156362 0.235928