1 0.096091 0.216078 0.089549 0.109536
1 0.162639 0.254773 0.109176 0.123824
1 0.186100 0.286325 0.105189 0.142874
1 0.274830 0.382169 0.061641 0.160733
1 0.227909 0.356571 0.080042 0.147636
1 0.355485 0.397052 0.030974 0.125014
1 0.512911 0.408362 0.096602 0.090487
1 0.617793 0.371453 0.134016 0.125014
1 0.685875 0.351808 0.094149 0.097630
1 0.794693 0.316388 0.107336 0.079176
1 0.901926 0.240486 0.155177 0.133349
1 0.820044 0.177979 0.133710 0.120252
1 0.737396 0.152976 0.115002 0.095249
1 0.670081 0.113090 0.157017 0.115490
1 0.575523 0.068442 0.109176 0.091677