2 0.336675 0.665647 0.154481 0.178213
2 0.784198 0.769605 0.106132 0.070828
2 0.895047 0.769605 0.106132 0.089107
2 0.931014 0.704489 0.102594 0.063974
2 0.789505 0.642799 0.071934 0.091392
2 0.648585 0.753611 0.108491 0.066259
2 0.569575 0.800450 0.117925 0.068544
2 0.772995 0.821013 0.112028 0.100531
2 0.558962 0.914689 0.136792 0.086822
2 0.084906 0.911262 0.167453 0.098246
2 0.174528 0.823297 0.106132 0.059404
2 0.494693 0.681641 0.093160 0.041126
2 0.492925 0.481722 0.068396 0.084537
2 0.501769 0.618809 0.095519 0.075398
2 0.606132 0.635945 0.077830 0.068544
2 0.880896 0.585680 0.080189 0.050265
2 0.466981 0.557120 0.089623 0.052550