2 0.715802 0.883237 0.436321 0.233525
2 0.051887 0.655813 0.103774 0.231948
2 0.315448 0.631909 0.199292 0.262048
2 0.526533 0.554003 0.175708 0.262048
2 0.734670 0.567283 0.191038 0.207160
2 0.898585 0.615089 0.127358 0.207160
2 0.754717 0.105157 0.127358 0.118630
2 0.787736 0.266281 0.179245 0.246113
2 0.544811 0.293627 0.198113 0.187881
2 0.338106 0.356989 0.095013 0.124898
2 0.112028 0.369790 0.165094 0.185913
2 0.156250 0.133921 0.164252 0.144177
2 0.334447 0.130720 0.070100 0.076726
2 0.521095 0.099243 0.102201 0.149517
1 0.958298 0.135033 0.083404 0.222129