2 0.535003 0.708968 0.171393 0.131980
2 0.018503 0.649390 0.037005 0.064120
2 0.088779 0.668982 0.061620 0.067682
2 0.187244 0.668092 0.067973 0.087274
2 0.265381 0.677888 0.070514 0.090836
2 0.356859 0.681450 0.079407 0.089055
2 0.030255 0.765162 0.060510 0.090836
2 0.125942 0.775848 0.086395 0.103304
2 0.221231 0.789652 0.091477 0.102413
2 0.320014 0.806572 0.088301 0.111319
2 0.456277 0.818506 0.091477 0.086383
2 0.565542 0.824294 0.095289 0.073025
2 0.959945 0.846202 0.080110 0.094398
2 0.953876 0.727758 0.073055 0.069463