1 0.496462 0.108224 0.533019 0.216448
1 0.576061 0.244087 0.508255 0.214967
1 0.333137 0.367949 0.522406 0.221108
1 0.514741 0.628980 0.454009 0.239534
1 0.242335 0.585987 0.420991 0.231345
1 0.760024 0.746700 0.468160 0.159689
1 0.271226 0.760007 0.485849 0.149453
1 0.390920 0.881822 0.541274 0.180162
2 0.662736 0.412990 0.117925 0.131027
2 0.795401 0.387398 0.128538 0.124885
2 0.692217 0.481574 0.091981 0.100318
2 0.827830 0.454959 0.127358 0.116696
2 0.846108 0.529686 0.119104 0.131027
2 0.877948 0.599294 0.112028 0.122838