2 0.129442 0.071066 0.116751 0.142132
2 0.375000 0.066836 0.087563 0.133672
2 0.684010 0.045685 0.134518 0.091370
2 0.913706 0.075296 0.137056 0.150592
2 0.956218 0.328257 0.087563 0.189509
2 0.784264 0.301184 0.111675 0.270728
2 0.623731 0.275804 0.105330 0.263959
2 0.486041 0.303723 0.131980 0.184433
2 0.355330 0.253807 0.144670 0.230118
2 0.216371 0.299492 0.133249 0.199662
2 0.102157 0.268190 0.123096 0.241963
2 0.917513 0.619289 0.164974 0.311337
2 0.739848 0.624365 0.203046 0.395939
2 0.567259 0.558376 0.180203 0.324873
2 0.357234 0.620135 0.196701 0.397631
2 0.144670 0.608291 0.172589 0.319797
2 0.020305 0.604907 0.040609 0.292724