2 0.153886 0.142218 0.163227 0.169946
2 0.338560 0.135957 0.067912 0.085868
2 0.522042 0.101073 0.089358 0.148479
2 0.757351 0.101073 0.119144 0.098390
2 0.788329 0.271914 0.164419 0.236136
2 0.542892 0.293381 0.190631 0.178891
2 0.340347 0.358676 0.090550 0.116279
2 0.109207 0.370304 0.152504 0.196780
2 0.312348 0.633274 0.194205 0.257603
2 0.047455 0.647585 0.094910 0.214669
2 0.523829 0.567979 0.157270 0.284436
2 0.732927 0.567084 0.175142 0.211091
2 0.897346 0.612701 0.120336 0.198569
2 0.715651 0.887299 0.445599 0.225402
1 0.956119 0.145796 0.087761 0.245081