2 0.798349 0.888889 0.245283 0.222222
2 0.598467 0.811321 0.225236 0.306080
2 0.396816 0.855346 0.227594 0.285115
2 0.285967 0.780922 0.170991 0.266247
2 0.412736 0.684486 0.167453 0.153040
2 0.556604 0.647799 0.150943 0.121593
2 0.085495 0.870021 0.170990 0.243187
2 0.120283 0.728512 0.240566 0.157233
2 0.505341 0.544333 0.114456 0.083857
2 0.461640 0.591812 0.103357 0.092490
2 0.364179 0.585646 0.106826 0.087557
2 0.189720 0.649279 0.251804 0.082624
2 0.241398 0.597484 0.190067 0.080158
1 0.507862 0.153739 0.115304 0.307477