2 0.325845 0.139281 0.306804 0.165597
2 0.277065 0.072529 0.145058 0.145058
2 0.098417 0.070603 0.196834 0.141206
2 0.103552 0.259307 0.207103 0.177150
2 0.042576 0.347240 0.085152 0.181001
2 0.169876 0.449936 0.141207 0.301669
2 0.454857 0.050064 0.172015 0.100128
2 0.661532 0.108472 0.295250 0.152760
2 0.895165 0.142490 0.154044 0.261874
2 0.826487 0.297818 0.206675 0.282413
2 0.583868 0.249037 0.350449 0.141207
2 0.391314 0.324775 0.237484 0.223363
2 0.296320 0.393453 0.168164 0.278562
2 0.094138 0.630937 0.184852 0.201540
2 0.343817 0.553273 0.275995 0.223363
2 0.607617 0.404365 0.225931 0.223363
2 0.714805 0.492940 0.301669 0.174583
2 0.912281 0.449294 0.175438 0.128370
2 0.827129 0.610398 0.310655 0.109114
2 0.893025 0.683569 0.213950 0.116816
2 0.519041 0.638639 0.331194 0.134788
2 0.264228 0.762516 0.260591 0.184852
2 0.090715 0.892811 0.181429 0.145058
2 0.565255 0.780488 0.292683 0.174583
2 0.777706 0.858151 0.157895 0.283697
2 0.936029 0.849166 0.127942 0.191271
2 0.660890 0.915918 0.224647 0.168164
2 0.376551 0.870347 0.379974 0.123235
2 0.334189 0.956996 0.177150 0.086008
2 0.530595 0.973042 0.207959 0.053915