2 0.513103 0.411691 0.100891 0.096652
2 0.615959 0.374811 0.138889 0.144978
2 0.685811 0.348685 0.095154 0.092725
2 0.793888 0.310947 0.107670 0.078626
2 0.901302 0.240083 0.158429 0.140333
2 0.820037 0.173898 0.141509 0.113461
2 0.737194 0.124006 0.125126 0.059061
2 0.671409 0.107016 0.160530 0.116671
2 0.582395 0.069356 0.120968 0.050213
2 0.273833 0.381469 0.068272 0.155419
2 0.226663 0.355566 0.081927 0.156624
2 0.192714 0.319904 0.127234 0.156624
2 0.159198 0.247616 0.113580 0.137347
2 0.096202 0.235568 0.090616 0.115661
2 0.081616 0.176533 0.104891 0.125299
2 0.932360 0.095923 0.045658 0.031109
2 0.904844 0.079194 0.033563 0.030522
2 0.870827 0.068336 0.036284 0.028761
2 0.354208 0.400505 0.032895 0.138552