1 0.070452 0.087657 0.076364 0.175313
1 0.106248 0.064401 0.057273 0.128801
1 0.195737 0.075134 0.076364 0.150268
1 0.220794 0.065295 0.047728 0.130590
1 0.343692 0.095707 0.083523 0.191413
1 0.404545 0.124329 0.114546 0.248658
1 0.486875 0.086762 0.000000 0.001789
1 0.439744 0.115385 0.096648 0.230769
1 0.489858 0.102862 0.156308 0.205724
1 0.554290 0.114490 0.101421 0.228980
1 0.667046 0.154741 0.131251 0.309481
1 0.677785 0.110912 0.088296 0.221824
1 0.805456 0.162791 0.124092 0.325581
1 0.887190 0.159213 0.110966 0.318426
1 0.813212 0.210197 0.091875 0.309481
1 0.927758 0.169946 0.094262 0.286225
1 0.945683 0.337209 0.108634 0.280859
1 0.943866 0.492844 0.105001 0.377460
1 0.835882 0.398927 0.168240 0.332737
1 0.765484 0.590340 0.232672 0.529517
1 0.664660 0.522361 0.147955 0.397138
1 0.559659 0.392665 0.167046 0.377460
1 0.422443 0.331843 0.145569 0.302326
1 0.332954 0.204830 0.138410 0.338104
1 0.269715 0.153846 0.100228 0.307692
1 0.107441 0.136852 0.085910 0.273703
1 0.143833 0.167263 0.110966 0.334526
1 0.198123 0.257603 0.150342 0.379249
1 0.294175 0.357782 0.134830 0.372093
1 0.373522 0.507156 0.133637 0.391771
1 0.450483 0.576029 0.187331 0.447227
1 0.028067 0.330948 0.056134 0.128801
1 0.046561 0.313059 0.093122 0.261181
1 0.072839 0.396243 0.143183 0.431127
1 0.159941 0.566190 0.159887 0.434705
1 0.253010 0.648479 0.250570 0.602862
1 0.033436 0.797853 0.066872 0.114490