1 0.878801 0.269231 0.242397 0.055456
1 0.889535 0.344365 0.220930 0.059034
1 0.639535 0.293381 0.317233 0.089445
1 0.874031 0.413238 0.251938 0.082290
1 0.882379 0.488372 0.235242 0.089445
1 0.862105 0.570662 0.275790 0.110912
1 0.894305 0.656530 0.211389 0.121646
2 0.414132 0.311270 0.152654 0.085868
2 0.255516 0.300537 0.093023 0.046512
2 0.167263 0.298748 0.078712 0.039356
1 0.080650 0.359571 0.161300 0.071556
1 0.062761 0.293381 0.125522 0.093023
1 0.061568 0.417710 0.123136 0.069767
1 0.078265 0.486583 0.156530 0.067979
1 0.094961 0.542039 0.189922 0.082290
1 0.093769 0.601073 0.187537 0.067979
1 0.198271 0.655635 0.312463 0.109123
1 0.253131 0.591234 0.212284 0.087657
1 0.300835 0.381038 0.240906 0.093023
1 0.646691 0.388193 0.355397 0.103757
1 0.651461 0.476744 0.312463 0.105546
1 0.650268 0.540250 0.305307 0.085868
1 0.629994 0.662791 0.240906 0.087657
1 0.670543 0.602862 0.288611 0.103757
1 0.229278 0.476744 0.150268 0.084079
1 0.218545 0.537567 0.138342 0.062612
1 0.484496 0.567979 0.398330 0.130590