2 0.099107 0.050089 0.151489 0.100178
2 0.229659 0.016995 0.048033 0.033989
2 0.258602 0.147585 0.226618 0.180680
2 0.057251 0.199463 0.114502 0.134168
2 0.524017 0.091234 0.227850 0.182468
2 0.782041 0.044723 0.224155 0.089445
2 0.894100 0.143113 0.211800 0.193202
2 0.651489 0.218247 0.229082 0.193202
2 0.363290 0.305903 0.224155 0.189624
2 0.122508 0.359571 0.210607 0.146691
2 0.487684 0.452594 0.226618 0.164580
2 0.211185 0.517889 0.146563 0.159213
2 0.606535 0.598390 0.230313 0.177102
2 0.714302 0.772809 0.224155 0.214669
2 0.823917 0.906977 0.231545 0.178891
2 0.934743 0.713775 0.130513 0.175313
2 0.988935 0.923077 0.022130 0.060823
2 0.870718 0.531306 0.238935 0.193202
2 0.765414 0.376565 0.242629 0.198569
2 0.946444 0.321109 0.107112 0.148479